                    CPU0       CPU1       CPU2       CPU3       
          HI:          0          0          0          0
       TIMER:     884117     812990     798442     776220
      NET_TX:     318442       4117       3990       3884
      NET_RX:    4482991      12044       9887      10233
       BLOCK:      88442      41117      39990      37884
    IRQ_POLL:          0          0          0          0
     TASKLET:      12884        442        391        366
       SCHED:    1244117    1188990    1144442    1102220
     HRTIMER:          0          0          0          0
         RCU:     788442     744117     722990     700884
