cpu  38472103 128473 9847201 12847203 1847203 92841 1284736 4829103 184720 8471
cpu0 9618472 32104 2461803 3211847 461803 23210 321184 1207275 46180 2117
cpu1 9617203 32118 2462471 3212904 461847 23207 321092 1207108 46184 2118
cpu2 9618374 32126 2461473 3211729 461784 23212 321273 1207391 46178 2118
cpu3 9618054 32125 2461454 3210723 461769 23212 321187 1207329 46178 2118
intr 8472103941 284 0 0 0 0 0 0 0 1 0 0 0 4 0 0 0 0 0 0 1847203941 0 0
ctxt 18472039418
btime 1704067200
processes 284719304
procs_running 47
procs_blocked 12
softirq 4718203941 184 1847203941 92841037 0 284719304 0 0 1284736910 0 1208638565
