uid: 300000 576000 748800 998400 1209600 1440000 1516800 1785600 710400 940800 1200000 1516800 1804800 2054400 2246400 2419200
0: 91234 4021 1880 902 410 188 96 44 5120 812 402 210 96 40 18 8
1000: 210443 18220 9004 5110 2880 1420 902 410 24110 6220 3110 1802 980 512 260 120
1001: 40122 3011 1420 700 320 140 60 22 2200 480 210 96 40 18 8 2
1036: 18022 1402 610 288 120 44 18 6 900 180 80 32 14 6 2 0
1047: 6011 902 1204 2011 1802 1420 980 640 3011 2402 2810 3620 4210 3011 1802 1204
2000: 820 140 62 28 12 4 2 0 60 18 8 2 0 0 0 0
10088: 30110 4022 2011 1204 640 320 180 90 4011 1802 902 480 220 96 40 18
10123: 88021 12044 8022 6011 4802 3110 2044 1420 14022 9011 8220 9840 11020 8022 6011 30000
90012: 1402 402 210 96 40 18 8 2 210 88 40 18 8 2 0 0
