   7       0 loop0 120 0 2400 8 0 0 0 0 0 12 8 0 0 0 0 0 0
   7       1 loop1 127 0 2533 9 0 0 0 0 0 13 9 0 0 0 0 0 0
   7       2 loop2 134 0 2666 10 0 0 0 0 0 14 10 0 0 0 0 0 0
   7       3 loop3 141 0 2799 11 0 0 0 0 0 15 11 0 0 0 0 0 0
   7       4 loop4 148 0 2932 12 0 0 0 0 0 16 12 0 0 0 0 0 0
   7       5 loop5 155 0 3065 13 0 0 0 0 0 17 13 0 0 0 0 0 0
   7       6 loop6 162 0 3198 14 0 0 0 0 0 18 14 0 0 0 0 0 0
   7       7 loop7 169 0 3331 15 0 0 0 0 0 19 15 0 0 0 0 0 0
   7       8 loop8 176 0 3464 16 0 0 0 0 0 20 16 0 0 0 0 0 0
   7       9 loop9 183 0 3597 17 0 0 0 0 0 21 17 0 0 0 0 0 0
   7      10 loop10 190 0 3730 18 0 0 0 0 0 22 18 0 0 0 0 0 0
   7      11 loop11 197 0 3863 19 0 0 0 0 0 23 19 0 0 0 0 0 0
   7      12 loop12 204 0 3996 20 0 0 0 0 0 24 20 0 0 0 0 0 0
   7      13 loop13 211 0 4129 21 0 0 0 0 0 25 21 0 0 0 0 0 0
   7      14 loop14 218 0 4262 22 0 0 0 0 0 26 22 0 0 0 0 0 0
   7      15 loop15 225 0 4395 23 0 0 0 0 0 27 23 0 0 0 0 0 0
   7      16 loop16 232 0 4528 24 0 0 0 0 0 28 24 0 0 0 0 0 0
   7      17 loop17 239 0 4661 25 0 0 0 0 0 29 25 0 0 0 0 0 0
   7      18 loop18 246 0 4794 26 0 0 0 0 0 30 26 0 0 0 0 0 0
   7      19 loop19 253 0 4927 27 0 0 0 0 0 31 27 0 0 0 0 0 0
   7      20 loop20 260 0 5060 28 0 0 0 0 0 32 28 0 0 0 0 0 0
   7      21 loop21 267 0 5193 29 0 0 0 0 0 33 29 0 0 0 0 0 0
   7      22 loop22 274 0 5326 30 0 0 0 0 0 34 30 0 0 0 0 0 0
   7      23 loop23 281 0 5459 31 0 0 0 0 0 35 31 0 0 0 0 0 0
 251       0 zram0 8234 0 65872 412 128394 0 1027152 8234 0 12384 8646 0 0 0 0 0 0
 259       0 nvme0n1 482913 89234 38472913 182394 382941 128394 48273912 482913 0 728394 665307 8234 0 1283947 4821 1284 892
 259       1 nvme0n1p1 482913 89234 38472913 182394 382941 128394 48273912 482913 0 728394 665307 8234 0 1283947 4821 1284 892
