version 15
timestamp 2847193048
cpu0 1284736 0 125335399 5013415 66845546 19385208 2840000000000 73344419230000 92841037
domain0 03 900 907 914 921 928 935 942 949 956 963 970 977 984 991 998 1005 1012 1019 1026 1033 1040 1047 1054 1061 1068 1075 1082 1089 1096 1103 1110 1117 1124 1131 1138 1145
domain1 0f 1800 1807 1814 1821 1828 1835 1842 1849 1856 1863 1870 1877 1884 1891 1898 1905 1912 1919 1926 1933 1940 1947 1954 1961 1968 1975 1982 1989 1996 2003 2010 2017 2024 2031 2038 2045
cpu1 1288836 0 124363399 4974535 66327146 19234872 2911000000000 75170766192000 92121037
domain0 03 919 926 933 940 947 954 961 968 975 982 989 996 1003 1010 1017 1024 1031 1038 1045 1052 1059 1066 1073 1080 1087 1094 1101 1108 1115 1122 1129 1136 1143 1150 1157 1164
domain1 0f 1819 1826 1833 1840 1847 1854 1861 1868 1875 1882 1889 1896 1903 1910 1917 1924 1931 1938 1945 1952 1959 1966 1973 1980 1987 1994 2001 2008 2015 2022 2029 2036 2043 2050 2057 2064
cpu2 1292936 0 123391399 4935655 65808746 19084536 2982000000000 76959673154000 91401037
domain0 0c 938 945 952 959 966 973 980 987 994 1001 1008 1015 1022 1029 1036 1043 1050 1057 1064 1071 1078 1085 1092 1099 1106 1113 1120 1127 1134 1141 1148 1155 1162 1169 1176 1183
domain1 0f 1838 1845 1852 1859 1866 1873 1880 1887 1894 1901 1908 1915 1922 1929 1936 1943 1950 1957 1964 1971 1978 1985 1992 1999 2006 2013 2020 2027 2034 2041 2048 2055 2062 2069 2076 2083
cpu3 1297036 0 122419399 4896775 65290346 18934200 3053000000000 78711140116000 90681037
domain0 0c 957 964 971 978 985 992 999 1006 1013 1020 1027 1034 1041 1048 1055 1062 1069 1076 1083 1090 1097 1104 1111 1118 1125 1132 1139 1146 1153 1160 1167 1174 1181 1188 1195 1202
domain1 0f 1857 1864 1871 1878 1885 1892 1899 1906 1913 1920 1927 1934 1941 1948 1955 1962 1969 1976 1983 1990 1997 2004 2011 2018 2025 2032 2039 2046 2053 2060 2067 2074 2081 2088 2095 2102
