                    CPU0       CPU1       CPU2       CPU3       CPU4       CPU5       CPU6       CPU7       
          HI:         12          3          0          5          1          0          2          0
       TIMER:    3129417    2984120    3011882    2897431    2946018    2871240    2903117    2860994
      NET_TX:      41229       3821       2994       3110       2877       3402       2988       3055
      NET_RX:     812445     703118     698220     690114     684992     679330     671208     668415
       BLOCK:     226418     198773     201442     187221     192338     185004     189117     183220
    IRQ_POLL:          0          0          0          0          0          0          0          0
     TASKLET:      88421       1204        992        877       1130        804        918        866
       SCHED:    4128993    3987221    3911440    3854118    3902117    3811004    3844920    3798117
     HRTIMER:          0          0          0          0          0          0          0          0
         RCU:    2871442    2790118    2801229    2744117    2766008    2721990    2740118    2708441
