cpu  1247832 8421 341156 48325043 62184 0 18342 0 0 0
cpu0 158301 1094 43871 6034218 8127 0 4832 0 0 0
cpu1 156942 1038 42903 6039871 7893 0 2471 0 0 0
cpu2 155874 1102 42418 6041203 7702 0 1893 0 0 0
cpu3 154938 987 42106 6042871 7614 0 1702 0 0 0
cpu4 156013 1051 42731 6040918 7801 0 1834 0 0 0
cpu5 155201 1027 42284 6042031 7688 0 1748 0 0 0
cpu6 155418 1063 42509 6041473 7742 0 1981 0 0 0
cpu7 155145 1059 42334 6042458 7617 0 1881 0 0 0
intr 184729103 22 0 0 0 0 0 0 0 1 0 0 0 4 0 0 0 0 0 0 12483921 0 0 0 0 0 0 0 3847201 0 0 0 0 0
ctxt 892374615
btime 1721890234
processes 1284736
procs_running 2
procs_blocked 0
softirq 94827361 12 4829103 231847 0 1284736 0 0 8471203 0 79910460
