   7       0 loop0 42 0 1938 12 0 0 0 0 0 24 12 0 0 0 0 0 0
   7       1 loop1 38 0 1704 9 0 0 0 0 0 20 9 0 0 0 0 0 0
 259       0 nvme0n1 1284736 210453 98234567 412873 892341 456123 187234891 1284736 0 1893472 1912384 24893 0 3847264 18234 4821 2394
 259       1 nvme0n1p1 1284 12 84736 421 18 4 2048 92 0 184 92 0 0 0 0 0 0
 259       2 nvme0n1p2 1281923 210441 98142831 411982 891204 456123 187234891 1283102 0 1891203 1910284 24893 0 3847264 18234 4821 2394
   8       0 sda 92348 4821 8234912 48213 128394 23841 12938471 184923 0 148293 233136 1284 0 84721 1023 428 193
   8       1 sda1 92104 4818 8232104 48102 128394 23841 12938471 184923 0 148102 233025 1284 0 84721 1023 428 193
 253       0 dm-0 1489234 0 98123847 498234 1348234 0 187234891 2384712 0 1902384 2882946 0 0 0 0 0 0
 253       1 dm-1 4821 0 192384 1284 892 0 48213 2841 0 4821 4125 0 0 0 0 0 0
  11       0 sr0 0 0 0 0 0 0 0 0 0 0 0 0 0 0 0 0 0
