version 15
timestamp 8461209384
cpu0 12847 0 249384289 54864543 133004954 67832526 48210000000000 57266021930000 184729103
domain0 03 400 407 414 421 428 435 442 449 456 463 470 477 484 491 498 505 512 519 526 533 540 547 554 561 568 575 582 589 596 603 610 617 624 631 638 645
domain1 0f 800 807 814 821 828 835 842 849 856 863 870 877 884 891 898 905 912 919 926 933 940 947 954 961 968 975 982 989 996 1003 1010 1017 1024 1031 1038 1045
domain2 ff 1600 1607 1614 1621 1628 1635 1642 1649 1656 1663 1670 1677 1684 1691 1698 1705 1712 1719 1726 1733 1740 1747 1754 1761 1768 1775 1782 1789 1796 1803 1810 1817 1824 1831 1838 1845
cpu1 12938 0 247494289 54448743 131996954 67318446 48350000000000 59031971166000 183329103
domain0 03 417 424 431 438 445 452 459 466 473 480 487 494 501 508 515 522 529 536 543 550 557 564 571 578 585 592 599 606 613 620 627 634 641 648 655 662
domain1 0f 817 824 831 838 845 852 859 866 873 880 887 894 901 908 915 922 929 936 943 950 957 964 971 978 985 992 999 1006 1013 1020 1027 1034 1041 1048 1055 1062
domain2 ff 1617 1624 1631 1638 1645 1652 1659 1666 1673 1680 1687 1694 1701 1708 1715 1722 1729 1736 1743 1750 1757 1764 1771 1778 1785 1792 1799 1806 1813 1820 1827 1834 1841 1848 1855 1862
cpu2 13029 0 245604289 54032943 130988954 66804366 48490000000000 60764320402000 181929103
domain0 0c 434 441 448 455 462 469 476 483 490 497 504 511 518 525 532 539 546 553 560 567 574 581 588 595 602 609 616 623 630 637 644 651 658 665 672 679
domain1 0f 834 841 848 855 862 869 876 883 890 897 904 911 918 925 932 939 946 953 960 967 974 981 988 995 1002 1009 1016 1023 1030 1037 1044 1051 1058 1065 1072 1079
domain2 ff 1634 1641 1648 1655 1662 1669 1676 1683 1690 1697 1704 1711 1718 1725 1732 1739 1746 1753 1760 1767 1774 1781 1788 1795 1802 1809 1816 1823 1830 1837 1844 1851 1858 1865 1872 1879
cpu3 13120 0 243714289 53617143 129980954 66290286 48630000000000 62463069638000 180529103
domain0 0c 451 458 465 472 479 486 493 500 507 514 521 528 535 542 549 556 563 570 577 584 591 598 605 612 619 626 633 640 647 654 661 668 675 682 689 696
domain1 0f 851 858 865 872 879 886 893 900 907 914 921 928 935 942 949 956 963 970 977 984 991 998 1005 1012 1019 1026 1033 1040 1047 1054 1061 1068 1075 1082 1089 1096
domain2 ff 1651 1658 1665 1672 1679 1686 1693 1700 1707 1714 1721 1728 1735 1742 1749 1756 1763 1770 1777 1784 1791 1798 1805 1812 1819 1826 1833 1840 1847 1854 1861 1868 1875 1882 1889 1896
cpu4 13211 0 241824289 53201343 128972954 65776206 48770000000000 64128218874000 179129103
domain0 30 468 475 482 489 496 503 510 517 524 531 538 545 552 559 566 573 580 587 594 601 608 615 622 629 636 643 650 657 664 671 678 685 692 699 706 713
domain1 f0 868 875 882 889 896 903 910 917 924 931 938 945 952 959 966 973 980 987 994 1001 1008 1015 1022 1029 1036 1043 1050 1057 1064 1071 1078 1085 1092 1099 1106 1113
domain2 ff 1668 1675 1682 1689 1696 1703 1710 1717 1724 1731 1738 1745 1752 1759 1766 1773 1780 1787 1794 1801 1808 1815 1822 1829 1836 1843 1850 1857 1864 1871 1878 1885 1892 1899 1906 1913
cpu5 13302 0 239934289 52785543 127964954 65262126 48910000000000 65759768110000 177729103
domain0 30 485 492 499 506 513 520 527 534 541 548 555 562 569 576 583 590 597 604 611 618 625 632 639 646 653 660 667 674 681 688 695 702 709 716 723 730
domain1 f0 885 892 899 906 913 920 927 934 941 948 955 962 969 976 983 990 997 1004 1011 1018 1025 1032 1039 1046 1053 1060 1067 1074 1081 1088 1095 1102 1109 1116 1123 1130
domain2 ff 1685 1692 1699 1706 1713 1720 1727 1734 1741 1748 1755 1762 1769 1776 1783 1790 1797 1804 1811 1818 1825 1832 1839 1846 1853 1860 1867 1874 1881 1888 1895 1902 1909 1916 1923 1930
cpu6 13393 0 238044289 52369743 126956954 64748046 49050000000000 67357717346000 176329103
domain0 c0 502 509 516 523 530 537 544 551 558 565 572 579 586 593 600 607 614 621 628 635 642 649 656 663 670 677 684 691 698 705 712 719 726 733 740 747
domain1 f0 902 909 916 923 930 937 944 951 958 965 972 979 986 993 1000 1007 1014 1021 1028 1035 1042 1049 1056 1063 1070 1077 1084 1091 1098 1105 1112 1119 1126 1133 1140 1147
domain2 ff 1702 1709 1716 1723 1730 1737 1744 1751 1758 1765 1772 1779 1786 1793 1800 1807 1814 1821 1828 1835 1842 1849 1856 1863 1870 1877 1884 1891 1898 1905 1912 1919 1926 1933 1940 1947
cpu7 13484 0 236154289 51953943 125948954 64233966 49190000000000 68922066582000 174929103
domain0 c0 519 526 533 540 547 554 561 568 575 582 589 596 603 610 617 624 631 638 645 652 659 666 673 680 687 694 701 708 715 722 729 736 743 750 757 764
domain1 f0 919 926 933 940 947 954 961 968 975 982 989 996 1003 1010 1017 1024 1031 1038 1045 1052 1059 1066 1073 1080 1087 1094 1101 1108 1115 1122 1129 1136 1143 1150 1157 1164
domain2 ff 1719 1726 1733 1740 1747 1754 1761 1768 1775 1782 1789 1796 1803 1810 1817 1824 1831 1838 1845 1852 1859 1866 1873 1880 1887 1894 1901 1908 1915 1922 1929 1936 1943 1950 1957 1964
