                    CPU0       CPU1       CPU2       CPU3       CPU4       CPU5       CPU6       CPU7       CPU8       CPU9       CPU10      CPU11      CPU12      CPU13      CPU14      CPU15      
          HI:          0          0          0          0          0          0          0          0          0          0          0          0          0          0          0          0
       TIMER:    8412990    8288114    8301447    8199238    8244119    8177330    8203118    8155442    8188220    8144117    8172009    8129884    8160331    8118442    8147220    8102118
      NET_TX:    1284220    1271118    1266447    1259330    1262008    1254119    1258220    1249884    1253117    1244220    1248990    1240117    1245331    1236442    1241008    1232117
      NET_RX:   24188442   23994117   24102330   23871220   23990884   23788117   23901442   23744990   23866118   23701447   23822009   23688220   23790117   23644331   23755442   23611008
       BLOCK:      44118      41220      42990      40117      41884      39442      40331      38990      39117      37884      38442      36990      37331      35884      36442      34990
    IRQ_POLL:          0          0          0          0          0          0          0          0          0          0          0          0          0          0          0          0
     TASKLET:       2841       1120        998       1044        977       1011        942       1003        918        966        901        944        887        922        870        908
       SCHED:    9884220    9744117    9801442    9688330    9744990    9611220    9700117    9566884    9644442    9511117    9588990    9466220    9544331    9422117    9500884    9388442
     HRTIMER:          0          0          0          0          0          0          0          0          0          0          0          0          0          0          0          0
         RCU:    6844220    6788117    6812442    6744330    6777990    6711220    6744117    6688884    6711442    6655117    6688990    6622220    6655331    6600117    6633884    6577442
