uid: 307200 614400 902400 1132800 1401600 1651200 825600 1132800 1478400 1804800 2035200 2208000
0: 72011 3402 1204 610 288 140 4011 802 402 180 88 40
1000: 180422 16022 8011 4022 2011 1204 20114 5022 2402 1204 640 320
1001: 38022 2802 1204 610 288 140 2011 480 210 96 44 18
1005: 12044 1802 902 480 240 120 1204 402 180 88 40 18
1013: 9022 1204 610 288 140 62 802 240 120 60 28 12
1036: 16011 1402 640 302 140 62 902 210 96 40 18 8
2000: 1402 240 120 60 28 12 140 40 18 8 2 0
5678: 3011 402 180 88 40 18 240 80 40 18 8 2
9999: 402 88 40 18 8 2 40 12 4 2 0 0
10045: 64022 9011 5022 3110 2044 1420 12022 6011 4022 3110 2044 4802
10202: 22011 3402 1802 902 480 240 3011 1204 610 288 140 62
90003: 1204 302 140 62 28 12 180 62 28 12 4 2
1010045: 40122 6011 3402 2011 1204 802 8022 3402 2011 1204 640 1802
1090008: 802 210 96 40 18 8 120 40 18 8 2 0
