version 15
timestamp 4295061837
cpu0 0 0 17343724 6590615 9249986 6104990 1284000000000 539582526000 12847203
domain0 03 100 107 114 121 128 135 142 149 156 163 170 177 184 191 198 205 212 219 226 233 240 247 254 261 268 275 282 289 296 303 310 317 324 331 338 345
domain1 0f 200 207 214 221 228 235 242 249 256 263 270 277 284 291 298 305 312 319 326 333 340 347 354 361 368 375 382 389 396 403 410 417 424 431 438 445
cpu1 0 0 17220874 6543932 9184466 6061747 1293000000000 574029135000 12756203
domain0 03 113 120 127 134 141 148 155 162 169 176 183 190 197 204 211 218 225 232 239 246 253 260 267 274 281 288 295 302 309 316 323 330 337 344 351 358
domain1 0f 213 220 227 234 241 248 255 262 269 276 283 290 297 304 311 318 325 332 339 346 353 360 367 374 381 388 395 402 409 416 423 430 437 444 451 458
cpu2 0 0 17098024 6497249 9118946 6018504 1302000000000 607929744000 12665203
domain0 0c 126 133 140 147 154 161 168 175 182 189 196 203 210 217 224 231 238 245 252 259 266 273 280 287 294 301 308 315 322 329 336 343 350 357 364 371
domain1 0f 226 233 240 247 254 261 268 275 282 289 296 303 310 317 324 331 338 345 352 359 366 373 380 387 394 401 408 415 422 429 436 443 450 457 464 471
cpu3 0 0 16975174 6450566 9053426 5975261 1311000000000 641284353000 12574203
domain0 0c 139 146 153 160 167 174 181 188 195 202 209 216 223 230 237 244 251 258 265 272 279 286 293 300 307 314 321 328 335 342 349 356 363 370 377 384
domain1 0f 239 246 253 260 267 274 281 288 295 302 309 316 323 330 337 344 351 358 365 372 379 386 393 400 407 414 421 428 435 442 449 456 463 470 477 484
